1 0.26040137053352913 0.2234782608695652 0.26529613313754286 0.22086956521739132 0.2677435144395497 0.23304347826086957 0.2745961820851689 0.24 0.2922173274596182 0.24782608695652175 0.3122858541360744 0.2634782608695652 0.34459128732256483 0.2817391304347826 0.3475281448849731 0.28695652173913044 0.3641703377386197 0.3 0.3690651003426334 0.3095652173913043 0.3671071953010279 0.31217391304347825 0.35633871757219776 0.31043478260869567 0.27508565834557025 0.25478260869565217 0.25844346549192365 0.2530434782608696 0.2564855604503182 0.2417391304347826 0.26040137053352913 0.22434782608695653
1 0.33480176211453744 0.3373913043478261 0.33822809593734704 0.34695652173913044 0.33822809593734704 0.3634782608695652 0.32501223690651004 0.36 0.2344591287322565 0.3834782608695652 0.22466960352422907 0.3826086956521739 0.2227116984826236 0.3765217391304348 0.24082232011747431 0.3660869565217391 0.32794909446891823 0.3452173913043478 0.3343122858541361 0.3382608695652174
1 0.33822809593734704 0.2991304347826087 0.34508076358296624 0.30695652173913046 0.3357807146353402 0.3243478260869565 0.3387175721977484 0.34956521739130436 0.33822809593734704 0.36434782608695654 0.3269701419481155 0.36 0.24375917767988253 0.3826086956521739 0.2256485560450318 0.3826086956521739 0.2227116984826236 0.38 0.2227116984826236 0.3765217391304348 0.24131179637787567 0.3660869565217391 0.27704356338717573 0.3556521739130435 0.32501223690651004 0.34695652173913044 0.3308859520313265 0.3426086956521739 0.3333333333333333 0.3382608695652174 0.3333333333333333 0.33304347826086955 0.32305433186490456 0.3173913043478261 0.32305433186490456 0.3139130434782609 0.3377386196769457 0.3
1 0.4003915810083211 0.1817391304347826 0.4023494860499266 0.19217391304347825 0.3999021047479197 0.19826086956521738 0.36172295643661284 0.2747826086956522 0.3519334312285854 0.28956521739130436 0.34605971610376896 0.2852173913043478 0.34508076358296624 0.2808695652173913 0.36172295643661284 0.25130434782608696 0.38277043563387175 0.20347826086956522 0.3964757709251101 0.1808695652173913 0.3999021047479197 0.1817391304347826
1 0.34312285854136076 0.3026086956521739 0.3441018110621635 0.30695652173913046 0.3357807146353402 0.3234782608695652 0.33480176211453744 0.3417391304347826 0.3338228095937347 0.3339130434782609 0.32305433186490456 0.3139130434782609 0.3377386196769457 0.3 0.34263338228095935 0.3026086956521739
1 0.37591776798825255 0.35478260869565215 0.3837493881546745 0.37217391304347824 0.3822809593734704 0.38173913043478264 0.3832599118942731 0.39652173913043476 0.37836514929025944 0.39043478260869563 0.37151248164464024 0.35739130434782607 0.3710230053842389 0.3521739130434783 0.372491434165443 0.35043478260869565 0.3754282917278512 0.35478260869565215
1 0.38717572197748407 0.40608695652173915 0.39500734214390604 0.41130434782608694 0.40137053352912383 0.4226086956521739 0.41164953499755264 0.44608695652173913 0.4302496328928047 0.5 0.4390602055800294 0.5113043478260869 0.42927068037200194 0.5234782608695652 0.4268232990699951 0.5217391304347826 0.4233969652471855 0.5060869565217392 0.41067058247674987 0.47739130434782606 0.398923152227117 0.4408695652173913 0.38619676945668135 0.41130434782608694 0.3852178169358786 0.4078260869565217 0.3866862457170827 0.40608695652173915
1 0.41262848751835535 0.44608695652173913 0.4185022026431718 0.44608695652173913 0.4356338717572198 0.4582608695652174 0.47430249632892807 0.49043478260869566 0.48066568771414586 0.4965217391304348 0.4831130690161527 0.5026086956521739 0.4982868330885952 0.5165217391304348 0.5119921683798335 0.5217391304347826 0.5075868820362213 0.5373913043478261 0.5041605482134116 0.5417391304347826 0.4982868330885952 0.5313043478260869 0.41752325012236907 0.46 0.41262848751835535 0.45130434782608697 0.41262848751835535 0.4469565217391304
1 0.5061184532550171 0.5452173913043479 0.5144395496818405 0.5495652173913044 0.6025452765540871 0.5547826086956522 0.6093979441997063 0.5582608695652174 0.6108663729809104 0.5643478260869565 0.6059716103768967 0.5695652173913044 0.5780714635340186 0.5695652173913044 0.5628976994615761 0.5678260869565217 0.5580029368575624 0.5617391304347826 0.5472344591287323 0.5643478260869565 0.5320606950562897 0.5626086956521739 0.527165932452276 0.5669565217391305 0.5080763582966226 0.5660869565217391 0.5022026431718062 0.571304347826087 0.4997552618697993 0.5643478260869565 0.5002447381302007 0.548695652173913 0.5017131669114048 0.5443478260869565 0.5056289769946157 0.5452173913043479
1 0.5154185022026432 0.6834782608695652 0.5183553597650514 0.6904347826086956 0.5163974547234459 0.6956521739130435 0.48409202153695546 0.7182608695652174 0.4698972099853157 0.7339130434782609 0.46304454233969655 0.7347826086956522 0.4454233969652472 0.7486956521739131 0.4351443954968184 0.7521739130434782 0.4302496328928047 0.7582608695652174 0.4287812041116006 0.7652173913043478 0.42388644150758686 0.7547826086956522 0.42486539402838963 0.7460869565217392 0.4336759667156143 0.7443478260869565 0.4498286833088595 0.7286956521739131 0.4645129711209006 0.7295652173913043 0.468918257464513 0.7165217391304348 0.47283406754772395 0.711304347826087 0.5026921194322075 0.688695652173913 0.5149290259422418 0.6834782608695652
1 0.48702887909936365 0.7617391304347826 0.4899657366617719 0.7582608695652174 0.4987763093489966 0.7565217391304347 0.5438081253059227 0.7573913043478261 0.5565345080763583 0.7486956521739131 0.5584924131179638 0.7539130434782608 0.5584924131179638 0.7704347826086957 0.5570239843367597 0.7739130434782608 0.5491923641703378 0.7721739130434783 0.5428291727851199 0.7747826086956522 0.5232501223690651 0.7704347826086957 0.5188448360254527 0.7730434782608696 0.5115026921194322 0.7660869565217391 0.5002447381302007 0.7669565217391304 0.48702887909936365 0.7626086956521739
1 0.5340186000978953 0.782608695652174 0.540381791483113 0.808695652173913 0.5511502692119432 0.831304347826087 0.557513460597161 0.8556521739130435 0.5849241311796378 0.9339130434782609 0.591776798825257 0.9591304347826087 0.591776798825257 0.9669565217391304 0.5883504650024474 0.9660869565217391 0.580029368575624 0.951304347826087 0.5766030347528145 0.9391304347826087 0.5756240822320118 0.9252173913043479 0.5663240332843857 0.9069565217391304 0.55359765051395 0.8730434782608696 0.531081742535487 0.8034782608695652 0.5247185511502692 0.7930434782608695 0.5252080274106706 0.7895652173913044 0.5335291238374938 0.782608695652174
1 0.6368086147821831 0.5886956521739131 0.6279980420949584 0.5565217391304348 0.6211453744493393 0.5434782608695652 0.6328928046989721 0.5321739130434783 0.6368086147821831 0.5330434782608696 0.6397454723445913 0.5408695652173913 0.644640234948605 0.58 0.6612824278022515 0.6295652173913043 0.6661771904062653 0.6565217391304348 0.6784140969162996 0.697391304347826 0.6808614782183064 0.7130434782608696 0.6789035731767009 0.7182608695652174 0.6715614292706804 0.7060869565217391 0.6598139990210474 0.6582608695652173 0.6519823788546255 0.6408695652173914 0.6372980910425844 0.5886956521739131
1 0.7905041605482134 0.48695652173913045 0.7900146842878121 0.5217391304347826 0.7816935878609887 0.5121739130434783 0.7758198727361723 0.5095652173913043 0.6823299069995106 0.5034782608695653 0.6715614292706804 0.5 0.6676456191874695 0.49478260869565216 0.67498776309349 0.4895652173913044 0.6857562408223201 0.48869565217391303 0.7802251590797846 0.4956521739130435 0.7900146842878121 0.48695652173913045
1 0.5907978463044542 0.44 0.5952031326480666 0.44521739130434784 0.5996084189916789 0.46260869565217394 0.5952031326480666 0.4652173913043478 0.5888399412628488 0.4608695652173913 0.5849241311796378 0.45130434782608697 0.5859030837004405 0.4426086956521739 0.5903083700440529 0.44
1 0.6108663729809104 0.49043478260869566 0.6250611845325502 0.48782608695652174 0.6270190895741556 0.49391304347826087 0.6417033773861968 0.5156521739130435 0.6475770925110133 0.5330434782608696 0.6475770925110133 0.5391304347826087 0.6441507586882036 0.54 0.6402349486049926 0.5365217391304348 0.6108663729809104 0.49130434782608695
1 0.595692608908468 0.16782608695652174 0.5986294664708761 0.16608695652173913 0.6005873715124816 0.17217391304347826 0.6030347528144885 0.20608695652173914 0.6025452765540871 0.2217391304347826 0.5986294664708761 0.22956521739130434 0.593245227606461 0.23043478260869565 0.5942241801272639 0.21304347826086956 0.5922662750856583 0.2008695652173913 0.595692608908468 0.16869565217391305
1 0.5976505139500734 0.26608695652173914 0.5981399902104748 0.28956521739130436 0.5942241801272639 0.348695652173913 0.5961820851688693 0.3652173913043478 0.5952031326480666 0.37130434782608696 0.582476749877631 0.3695652173913043 0.5810083210964269 0.3652173913043478 0.5868820362212432 0.3556521739130435 0.5878609887420461 0.2791304347826087 0.5922662750856583 0.26869565217391306 0.5971610376896721 0.26608695652173914
1 0.48262359275575134 0.17043478260869566 0.5496818404307391 0.20521739130434782 0.561429270680372 0.21739130434782608 0.574645129711209 0.22086956521739132 0.5780714635340186 0.21391304347826087 0.5814977973568282 0.21304347826086956 0.5780714635340186 0.2373913043478261 0.5751346059716104 0.24434782608695652 0.5697503671071953 0.23391304347826086 0.5139500734214391 0.20347826086956522 0.508565834557024 0.19478260869565217 0.5031815956926089 0.19130434782608696 0.47723935389133626 0.18347826086956523 0.4713656387665198 0.17130434782608694 0.48213411649535 0.17043478260869566
1 0.5467449828683308 0.13652173913043478 0.55359765051395 0.14173913043478262 0.5570239843367597 0.1408695652173913 0.6475770925110133 0.09826086956521739 0.661771904062653 0.09826086956521739 0.6598139990210474 0.10521739130434783 0.6505139500734214 0.11304347826086956 0.5849241311796378 0.1443478260869565 0.5643661282427802 0.14956521739130435 0.5506607929515418 0.16434782608695653 0.548213411649535 0.1591304347826087 0.5467449828683308 0.1373913043478261
0 0.4077337249143417 0.049565217391304345 0.4233969652471855 0.06782608695652174 0.42290748898678415 0.10173913043478261 0.4185022026431718 0.11130434782608696 0.412139011257954 0.10608695652173913 0.4077337249143417 0.11043478260869566 0.3768967205090553 0.21565217391304348 0.36172295643661284 0.25043478260869567 0.35487028879099364 0.2591304347826087 0.3524229074889868 0.2565217391304348 0.3519334312285854 0.24869565217391304 0.398923152227117 0.09478260869565218 0.3901125795398923 0.08 0.3901125795398923 0.07391304347826087 0.39794419970631423 0.06608695652173913 0.40724424865394027 0.050434782608695654
0 0.4043073910915321 0.348695652173913 0.40724424865394027 0.35043478260869565 0.41409691629955947 0.3660869565217391 0.44933920704845814 0.35130434782608694 0.4601076847772883 0.3582608695652174 0.46157611355849243 0.3652173913043478 0.4503181595692609 0.3695652173913043 0.4434654919236417 0.3773913043478261 0.4165442976015663 0.38869565217391305 0.4170337738619677 0.4026086956521739 0.41507586882036224 0.41130434782608694 0.4111600587371512 0.41130434782608694 0.4043073910915321 0.4043478260869565 0.4003915810083211 0.40869565217391307 0.39158100832109644 0.40869565217391307 0.3866862457170827 0.4026086956521739 0.38277043563387175 0.38608695652173913 0.38277043563387175 0.3773913043478261 0.38570729319628 0.36869565217391304 0.3964757709251101 0.36086956521739133 0.40381791483113066 0.34956521739130436
0 0.4243759177679883 0.5139130434782608 0.42731277533039647 0.5217391304347826 0.38962310327949096 0.6643478260869565 0.3910915320606951 0.6704347826086956 0.39843367596671564 0.6756521739130434 0.398923152227117 0.6817391304347826 0.39745472344591287 0.6860869565217391 0.39402838962310327 0.6878260869565217 0.3866862457170827 0.6869565217391305 0.38130200685266763 0.6956521739130435 0.3876651982378855 0.7060869565217391 0.3876651982378855 0.7095652173913043 0.3803230543318649 0.7243478260869565 0.37591776798825255 0.7243478260869565 0.36123348017621143 0.7104347826086956 0.36270190895741555 0.688695652173913 0.3700440528634361 0.688695652173913 0.37151248164464024 0.6852173913043478 0.3641703377386197 0.671304347826087 0.3641703377386197 0.6643478260869565 0.36612824278022515 0.66 0.37640724424865396 0.6617391304347826 0.37787567302985803 0.6591304347826087 0.4145863925599608 0.5234782608695652 0.4185022026431718 0.5147826086956522 0.42388644150758686 0.5139130434782608
0 0.4366128242780225 0.5921739130434782 0.43954968184043075 0.5991304347826087 0.43269701419481155 0.6260869565217392 0.4268232990699951 0.6382608695652174 0.4003915810083211 0.72 0.3920704845814978 0.74 0.39843367596671564 0.7513043478260869 0.398923152227117 0.7582608695652174 0.3901125795398923 0.7695652173913043 0.3832599118942731 0.7834782608695652 0.3803230543318649 0.7843478260869565 0.36465981399902103 0.768695652173913 0.368575624082232 0.7443478260869565 0.3671071953010279 0.7391304347826086 0.36808614782183063 0.7295652173913043 0.3744493392070485 0.7260869565217392 0.3803230543318649 0.731304347826087 0.38472834067547723 0.7252173913043478 0.42143906020558003 0.6182608695652174 0.43171806167400884 0.5939130434782609 0.43612334801762115 0.5921739130434782
0 0.4390602055800294 0.6069565217391304 0.4434654919236417 0.6226086956521739 0.4434654919236417 0.6391304347826087 0.4287812041116006 0.717391304347826 0.42046010768477726 0.7486956521739131 0.4170337738619677 0.7747826086956522 0.4170337738619677 0.7791304347826087 0.42290748898678415 0.7860869565217391 0.425354870288791 0.8 0.41948115516397455 0.8060869565217391 0.4145863925599608 0.8243478260869566 0.41262848751835535 0.8260869565217391 0.3920704845814978 0.8139130434782609 0.39255996084189915 0.7930434782608695 0.3945178658835046 0.7860869565217391 0.3935389133627019 0.768695652173913 0.39745472344591287 0.7652173913043478 0.4008810572687225 0.7713043478260869 0.4043073910915321 0.7721739130434783 0.4057758198727362 0.7695652173913043 0.41409691629955947 0.7226086956521739 0.4390602055800294 0.6078260869565217
0 0.49632892804698975 0.7643478260869565 0.5139500734214391 0.768695652173913 0.5188448360254527 0.7913043478260869 0.5193343122858541 0.7965217391304348 0.5168869309838473 0.802608695652174 0.5100342633382281 0.808695652173913 0.504650024473813 0.8243478260869566 0.4943710230053842 0.8243478260869566 0.4850709740577582 0.8147826086956522 0.47723935389133626 0.8147826086956522 0.4698972099853157 0.8217391304347826 0.4008810572687225 0.8591304347826086 0.3964757709251101 0.8573913043478261 0.39402838962310327 0.8521739130434782 0.39598629466470875 0.8434782608695652 0.39941262848751835 0.8382608695652174 0.48213411649535 0.7930434782608695 0.48409202153695546 0.7895652173913044 0.4855604503181596 0.768695652173913 0.49583945178658834 0.7643478260869565
0 0.48262359275575134 0.8165217391304348 0.5119921683798335 0.8495652173913043 0.5462555066079295 0.9017391304347826 0.5521292217327459 0.9043478260869565 0.5589818893783651 0.8956521739130435 0.5643661282427802 0.9008695652173913 0.574645129711209 0.9243478260869565 0.5756240822320118 0.9330434782608695 0.5712187958883994 0.948695652173913 0.5638766519823789 0.9643478260869566 0.5604503181595692 0.9643478260869566 0.5540871267743515 0.9565217391304348 0.5433186490455213 0.951304347826087 0.5423396965247186 0.9434782608695652 0.5462555066079295 0.9278260869565217 0.4777288301517376 0.8278260869565217 0.47430249632892807 0.82 0.47723935389133626 0.8156521739130435 0.48213411649535 0.8165217391304348
0 0.5511502692119432 0.7730434782608696 0.5624082232011748 0.7791304347826087 0.5712187958883994 0.7782608695652173 0.5717082721488008 0.7869565217391304 0.5780714635340186 0.7913043478260869 0.5790504160548213 0.7956521739130434 0.5780714635340186 0.8165217391304348 0.5952031326480666 0.8365217391304348 0.6142927068037201 0.8652173913043478 0.6167400881057269 0.8721739130434782 0.6162506118453255 0.8773913043478261 0.6118453255017132 0.8773913043478261 0.6059716103768967 0.8721739130434782 0.5721977484092021 0.8356521739130435 0.5624082232011748 0.8452173913043478 0.5565345080763583 0.8434782608695652 0.5389133627019089 0.802608695652174 0.5384238864415076 0.7965217391304348 0.5472344591287323 0.7756521739130435 0.5506607929515418 0.7730434782608696
0 0.5369554576603035 0.6704347826086956 0.5609397944199707 0.7017391304347826 0.5741556534508077 0.7252173913043478 0.5819872736172296 0.7321739130434782 0.6074400391581009 0.7713043478260869 0.6098874204601077 0.7721739130434783 0.6157611355849242 0.7634782608695653 0.6201664219285364 0.7634782608695653 0.6250611845325502 0.7704347826086957 0.6284875183553598 0.7852173913043479 0.6338717572197748 0.7956521739130434 0.6368086147821831 0.8069565217391305 0.6299559471365639 0.8252173913043478 0.6235927557513461 0.8347826086956521 0.6196769456681351 0.8339130434782609 0.6123348017621145 0.8252173913043478 0.6059716103768967 0.8243478260869566 0.6020558002936858 0.8191304347826087 0.5996084189916789 0.8121739130434783 0.6015663240332844 0.7895652173913044 0.5452765540871267 0.7069565217391305 0.531081742535487 0.6817391304347826 0.5315712187958884 0.671304347826087 0.5364659813999021 0.6704347826086956
0 0.5364659813999021 0.004347826086956522 0.5384238864415076 0.00782608695652174 0.5384238864415076 0.014782608695652174 0.5325501713166911 0.02782608695652174 0.4547234459128732 0.11130434782608696 0.45374449339207046 0.11739130434782609 0.45619187469407735 0.13304347826086957 0.45276554087126775 0.14347826086956522 0.44248653940283894 0.14 0.4322075379344102 0.14347826086956522 0.4278022515907978 0.1356521739130435 0.4219285364659814 0.11217391304347826 0.43073910915320607 0.08956521739130435 0.4390602055800294 0.08956521739130435 0.44248653940283894 0.07304347826086957 0.44640234948604995 0.07391304347826087 0.45276554087126775 0.08782608695652173 0.5286343612334802 0.0052173913043478265 0.5359765051395007 0.004347826086956522
0 0.40137053352912383 0.15565217391304348 0.4219285364659814 0.19217391304347825 0.42633382280959375 0.20695652173913043 0.45961820851688695 0.2782608695652174 0.46304454233969655 0.2826086956521739 0.4733235438081253 0.2791304347826087 0.47626040137053355 0.28347826086956524 0.4752814488497308 0.29304347826086957 0.4777288301517376 0.2965217391304348 0.478218306412139 0.30434782608695654 0.48262359275575134 0.3182608695652174 0.47723935389133626 0.331304347826087 0.46744982868330887 0.34 0.4512971120900636 0.3217391304347826 0.45423396965247187 0.31130434782608696 0.45374449339207046 0.30521739130434783 0.44591287322564854 0.30695652173913046 0.44395496818404306 0.3034782608695652 0.4512971120900636 0.29304347826086957 0.4077337249143417 0.1991304347826087 0.3969652471855115 0.16782608695652174 0.3964757709251101 0.15739130434782608 0.4008810572687225 0.15565217391304348
0 0.43612334801762115 0.14869565217391303 0.44150758688203623 0.1565217391304348 0.4522760646108664 0.16260869565217392 0.4552129221732746 0.16782608695652174 0.45619187469407735 0.17739130434782607 0.4512971120900636 0.18695652173913044 0.45374449339207046 0.19652173913043477 0.4987763093489966 0.28 0.5119921683798335 0.3095652173913043 0.5139500734214391 0.3191304347826087 0.5124816446402349 0.32521739130434785 0.5051395007342144 0.3191304347826087 0.49094468918257467 0.2965217391304348 0.4434654919236417 0.20782608695652174 0.43073910915320607 0.21043478260869566 0.42633382280959375 0.20521739130434782 0.42388644150758686 0.18521739130434783 0.4180127263827704 0.17130434782608694 0.42829172785119923 0.14956521739130435 0.43171806167400884 0.14608695652173914 0.4356338717572198 0.14869565217391303
0 0.4233969652471855 0.2826086956521739 0.42829172785119923 0.28695652173913044 0.4356338717572198 0.2852173913043478 0.4390602055800294 0.28956521739130436 0.4356338717572198 0.31043478260869567 0.43759177679882527 0.3130434782608696 0.51786588350465 0.3939130434782609 0.5212922173274597 0.4043478260869565 0.5163974547234459 0.4121739130434783 0.5080763582966226 0.4078260869565217 0.48604992657856094 0.3843478260869565 0.4787077826725404 0.3730434782608696 0.4454233969652472 0.3452173913043478 0.4312285854136074 0.32869565217391306 0.42829172785119923 0.3278260869565217 0.4224180127263828 0.3382608695652174 0.4180127263827704 0.3373913043478261 0.4165442976015663 0.331304347826087 0.40724424865394027 0.3173913043478261 0.40626529613313755 0.31043478260869567 0.41507586882036224 0.2817391304347826 0.4185022026431718 0.28 0.42290748898678415 0.2826086956521739
0 0.46940773372491434 0.3652173913043478 0.48066568771414586 0.3782608695652174 0.48066568771414586 0.3947826086956522 0.48213411649535 0.3982608695652174 0.5208027410670583 0.4234782608695652 0.5232501223690651 0.42869565217391303 0.5232501223690651 0.4356521739130435 0.5188448360254527 0.44173913043478263 0.5149290259422418 0.44173913043478263 0.4982868330885952 0.42695652173913046 0.4855604503181596 0.4226086956521739 0.478218306412139 0.4165217391304348 0.47087616250611847 0.43043478260869567 0.4669603524229075 0.43043478260869567 0.4454233969652472 0.40695652173913044 0.4434654919236417 0.4017391304347826 0.4434654919236417 0.39217391304347826 0.447870778267254 0.3730434782608696 0.45961820851688695 0.36782608695652175 0.4635340186000979 0.3695652173913043 0.468918257464513 0.3652173913043478
0 0.4356338717572198 0.4156521739130435 0.4801762114537445 0.44 0.48262359275575134 0.4373913043478261 0.48409202153695546 0.4252173913043478 0.4855604503181596 0.42434782608695654 0.4987763093489966 0.4295652173913043 0.5036710719530103 0.4408695652173913 0.5090553108174254 0.44521739130434784 0.5124816446402349 0.45217391304347826 0.5124816446402349 0.47043478260869565 0.508565834557024 0.4834782608695652 0.5031815956926089 0.48869565217391303 0.49388154674498286 0.48695652173913045 0.48751835535976507 0.4895652173913044 0.4777288301517376 0.4817391304347826 0.4767498776309349 0.4617391304347826 0.43416544297601567 0.4356521739130435 0.43073910915320607 0.4217391304347826 0.4351443954968184 0.4165217391304348
0 0.45423396965247187 0.528695652173913 0.4581497797356828 0.5452173913043479 0.4645129711209006 0.5608695652173913 0.46157611355849243 0.5808695652173913 0.45276554087126775 0.591304347826087 0.4547234459128732 0.6165217391304347 0.45423396965247187 0.6556521739130434 0.4532550171316691 0.6678260869565218 0.4498286833088595 0.671304347826087 0.4454233969652472 0.6695652173913044 0.44395496818404306 0.6313043478260869 0.4400391581008321 0.6139130434782609 0.44150758688203623 0.5939130434782609 0.4322075379344102 0.5886956521739131 0.42976015663240336 0.5826086956521739 0.42976015663240336 0.5730434782608695 0.43171806167400884 0.5417391304347826 0.4336759667156143 0.5339130434782609 0.44248653940283894 0.5278260869565218 0.45374449339207046 0.528695652173913
0 0.47283406754772395 0.5113043478260869 0.4777288301517376 0.5156521739130435 0.4787077826725404 0.5234782608695652 0.46598139990210474 0.6678260869565218 0.47626040137053355 0.6782608695652174 0.47723935389133626 0.6852173913043478 0.4645129711209006 0.6939130434782609 0.46402349486049926 0.7026086956521739 0.4679393049437102 0.7078260869565217 0.4684287812041116 0.7156521739130435 0.4669603524229075 0.7252173913043478 0.46402349486049926 0.7286956521739131 0.4454233969652472 0.7234782608695652 0.4454233969652472 0.7095652173913043 0.4434654919236417 0.7026086956521739 0.44591287322564854 0.6956521739130435 0.4419970631424376 0.6869565217391305 0.4419970631424376 0.6808695652173913 0.44395496818404306 0.6756521739130434 0.4498286833088595 0.6704347826086956 0.45374449339207046 0.6530434782608696 0.45423396965247187 0.64 0.4654919236417034 0.5617391304347826 0.4669603524229075 0.5217391304347826 0.4684287812041116 0.5139130434782608 0.4723445912873226 0.5113043478260869
0 0.495349975526187 0.5991304347826087 0.5173764072442486 0.6226086956521739 0.51786588350465 0.6304347826086957 0.5129711209006363 0.6478260869565218 0.5281448849730788 0.6817391304347826 0.5418502202643172 0.7034782608695652 0.5447870778267254 0.7165217391304348 0.5428291727851199 0.7234782608695652 0.5389133627019089 0.7252173913043478 0.5340186000978953 0.7234782608695652 0.5266764561918746 0.7026086956521739 0.5056289769946157 0.6660869565217391 0.4982868330885952 0.671304347826087 0.4943710230053842 0.671304347826087 0.49094468918257467 0.6660869565217391 0.49094468918257467 0.6530434782608696 0.4933920704845815 0.6469565217391304 0.48409202153695546 0.6417391304347826 0.4801762114537445 0.6217391304347826 0.48409202153695546 0.6121739130434782 0.4948604992657856 0.5991304347826087
0 0.6837983357807146 0.13304347826086957 0.6754772393538914 0.18869565217391304 0.6465981399902104 0.2965217391304348 0.6524718551150269 0.3130434782608696 0.6524718551150269 0.32 0.6382770435633872 0.35043478260869565 0.6265296133137542 0.34608695652173915 0.6191874694077337 0.3373913043478261 0.6216348507097406 0.3217391304347826 0.6196769456681351 0.3017391304347826 0.6240822320117474 0.28608695652173916 0.6328928046989721 0.288695652173913 0.635340186000979 0.28608695652173916 0.6573666177190406 0.20173913043478262 0.6632403328438571 0.18869565217391304 0.6779246206558982 0.1373913043478261 0.6813509544787077 0.13217391304347825 0.6833088595203133 0.13304347826086957
0 0.657856093979442 0.13043478260869565 0.6656877141458639 0.14173913043478262 0.6700930004894763 0.15478260869565216 0.6696035242290749 0.1617391304347826 0.6622613803230544 0.18 0.6593245227606461 0.19478260869565217 0.653940283896231 0.1991304347826087 0.6480665687714146 0.18869565217391304 0.6436612824278023 0.18782608695652173 0.6363191385217817 0.20347826086956522 0.6133137542829172 0.23652173913043478 0.608908467939305 0.24608695652173912 0.574645129711209 0.29391304347826086 0.5673029858051885 0.2991304347826087 0.5619187469407734 0.2965217391304348 0.5638766519823789 0.28695652173913044 0.5775819872736172 0.2678260869565217 0.5937347038668624 0.23652173913043478 0.6397454723445913 0.16782608695652174 0.6348507097405776 0.14695652173913043 0.6402349486049926 0.14 0.648556045031816 0.13652173913043478 0.6534508076358296 0.12956521739130436 0.6573666177190406 0.13043478260869565
0 0.5677924620655899 0.15043478260869564 0.5849241311796378 0.16434782608695653 0.5873715124816447 0.17043478260869566 0.5883504650024474 0.18434782608695652 0.5854136074400391 0.2026086956521739 0.5814977973568282 0.20956521739130435 0.5673029858051885 0.21043478260869566 0.5619187469407734 0.21565217391304348 0.5565345080763583 0.21043478260869566 0.5550660792951542 0.19652173913043477 0.5521292217327459 0.19130434782608696 0.5105237395986295 0.1782608695652174 0.504650024473813 0.17304347826086958 0.5036710719530103 0.16434782608695653 0.508565834557024 0.1565217391304348 0.5173764072442486 0.1565217391304348 0.5570239843367597 0.16695652173913045 0.5609397944199707 0.15391304347826087 0.5673029858051885 0.15043478260869564
0 0.4811551639745472 0.18521739130434783 0.49094468918257467 0.19130434782608696 0.4987763093489966 0.18869565217391304 0.5017131669114048 0.19217391304347825 0.49926578560939794 0.1956521739130435 0.5012236906510035 0.1991304347826087 0.504650024473813 0.19478260869565217 0.5080763582966226 0.19478260869565217 0.5110132158590308 0.1991304347826087 0.5075868820362213 0.21304347826086956 0.5105237395986295 0.2165217391304348 0.5212922173274597 0.22 0.5682819383259912 0.24782608695652175 0.5810083210964269 0.2582608695652174 0.5717082721488008 0.27304347826086955 0.5638766519823789 0.27217391304347827 0.5022026431718062 0.23217391304347826 0.49730788056779246 0.23478260869565218 0.4943710230053842 0.24347826086956523 0.49094468918257467 0.24695652173913044 0.48409202153695546 0.24608695652173912 0.4811551639745472 0.23478260869565218 0.4723445912873226 0.2252173913043478 0.46940773372491434 0.2165217391304348 0.4752814488497308 0.18869565217391304 0.47723935389133626 0.18521739130434783 0.48066568771414586 0.18521739130434783
0 0.5829662261380323 0.46260869565217394 0.5878609887420461 0.46956521739130436 0.5991189427312775 0.46695652173913044 0.6025452765540871 0.47304347826086957 0.6035242290748899 0.5060869565217392 0.6005873715124816 0.5095652173913043 0.5912873225648556 0.5113043478260869 0.5863925599608419 0.52 0.57856093979442 0.5208695652173913 0.5741556534508077 0.52 0.570729319627998 0.5104347826086957 0.5682819383259912 0.4765217391304348 0.570729319627998 0.4643478260869565 0.582476749877631 0.46260869565217394
0 0.5550660792951542 0.48695652173913045 0.5594713656387665 0.49391304347826087 0.5560450318159569 0.5069565217391304 0.5124816446402349 0.5147826086956522 0.4977973568281938 0.5121739130434783 0.4845814977973568 0.5017391304347826 0.48702887909936365 0.49826086956521737 0.5276554087126775 0.48869565217391303 0.5545766030347529 0.48695652173913045
0 0.5252080274106706 0.5634782608695652 0.5276554087126775 0.5634782608695652 0.5256975036710719 0.5643478260869565
0 0.5580029368575624 0.3939130434782609 0.5628976994615761 0.3991304347826087 0.5624082232011748 0.4043478260869565 0.5692608908467939 0.41391304347826086 0.5697503671071953 0.42 0.5682819383259912 0.43043478260869567 0.5599608418991678 0.4356521739130435 0.5692608908467939 0.48782608695652174 0.5702398433675967 0.508695652173913 0.5726872246696035 0.5182608695652174 0.5682819383259912 0.5260869565217391 0.5633871757219775 0.5260869565217391 0.5589818893783651 0.5191304347826087 0.5565345080763583 0.5078260869565218 0.5565345080763583 0.49391304347826087 0.5526186979931473 0.4834782608695652 0.5472344591287323 0.4443478260869565 0.5447870778267254 0.4408695652173913 0.5364659813999021 0.44 0.5354870288790994 0.4365217391304348 0.5369554576603035 0.39043478260869563 0.5438081253059227 0.3826086956521739 0.5506607929515418 0.3808695652173913 0.5540871267743515 0.3834782608695652 0.557513460597161 0.3939130434782609
0 0.570729319627998 0.3008695652173913 0.5761135584924131 0.30695652173913046 0.5834557023984337 0.331304347826087 0.5814977973568282 0.3373913043478261 0.5775819872736172 0.34 0.5775819872736172 0.348695652173913 0.5854136074400391 0.35130434782608694 0.5849241311796378 0.35739130434782607 0.5766030347528145 0.3626086956521739 0.5814977973568282 0.38956521739130434 0.5829662261380323 0.4226086956521739 0.5854136074400391 0.4356521739130435 0.5849241311796378 0.44608695652173913 0.5819872736172296 0.44956521739130434 0.5780714635340186 0.4443478260869565 0.5756240822320118 0.4356521739130435 0.5643661282427802 0.36782608695652175 0.55359765051395 0.3634782608695652 0.5491923641703378 0.34695652173913044 0.5521292217327459 0.33217391304347826 0.5521292217327459 0.31043478260869567 0.5604503181595692 0.3017391304347826 0.5702398433675967 0.3008695652173913
0 0.6270190895741556 0.4226086956521739 0.6309348996573666 0.4260869565217391 0.6338717572197748 0.4356521739130435 0.631424375917768 0.44782608695652176 0.6338717572197748 0.47043478260869565 0.6304454233969653 0.4808695652173913 0.6186979931473323 0.48869565217391303 0.6128242780225159 0.48869565217391303 0.608908467939305 0.4834782608695652 0.604992657856094 0.46347826086956523 0.5976505139500734 0.45565217391304347 0.5981399902104748 0.43826086956521737 0.6064610866372981 0.42869565217391303 0.5952031326480666 0.3591304347826087 0.5952031326480666 0.34695652173913044 0.5976505139500734 0.34347826086956523 0.6025452765540871 0.3443478260869565 0.6054821341164953 0.35043478260869565 0.6186979931473323 0.42086956521739133 0.6265296133137542 0.4226086956521739
0 0.5413607440039158 0.5643478260869565 0.5467449828683308 0.5739130434782609 0.5501713166911405 0.5660869565217391 0.557513460597161 0.5634782608695652 0.5584924131179638 0.5852173913043478 0.5599608418991678 0.5878260869565217 0.5814977973568282 0.5947826086956521 0.6436612824278023 0.6243478260869565 0.6505139500734214 0.6365217391304347 0.644640234948605 0.6469565217391304 0.6338717572197748 0.6443478260869565 0.5584924131179638 0.6069565217391304 0.5531081742535487 0.6069565217391304 0.5472344591287323 0.62 0.5418502202643172 0.6191304347826087 0.527165932452276 0.6 0.5256975036710719 0.5939130434782609 0.5291238374938816 0.568695652173913 0.5330396475770925 0.5634782608695652 0.5408712677435145 0.5643478260869565
0 0.5129711209006363 0.6052173913043478 0.5810083210964269 0.6817391304347826 0.5859030837004405 0.6808695652173913 0.5912873225648556 0.6747826086956522 0.5961820851688693 0.6747826086956522 0.6079295154185022 0.6843478260869565 0.6177190406265296 0.7078260869565217 0.6177190406265296 0.7165217391304348 0.6133137542829172 0.7339130434782609 0.6069505628976994 0.7443478260869565 0.6020558002936858 0.7443478260869565 0.5942241801272639 0.7373913043478261 0.591776798825257 0.7252173913043478 0.5834557023984337 0.731304347826087 0.5766030347528145 0.7243478260869565 0.5736661771904062 0.7156521739130435 0.5741556534508077 0.7 0.5369554576603035 0.6573913043478261 0.5193343122858541 0.6330434782608696 0.5183553597650514 0.6243478260869565 0.508565834557024 0.6139130434782609 0.5066079295154186 0.6086956521739131 0.5124816446402349 0.6052173913043478
0 0.5398923152227117 0.6165217391304347 0.5697503671071953 0.6295652173913043 0.622124326970142 0.668695652173913 0.6265296133137542 0.668695652173913 0.631424375917768 0.6565217391304348 0.6402349486049926 0.66 0.6431718061674009 0.6678260869565218 0.6568771414586393 0.6852173913043478 0.6510034263338228 0.7147826086956521 0.6475770925110133 0.7182608695652174 0.6368086147821831 0.7139130434782609 0.6304454233969653 0.717391304347826 0.6191874694077337 0.7139130434782609 0.6152716593245228 0.7060869565217391 0.6152716593245228 0.6991304347826087 0.618208516886931 0.6904347826086956 0.6167400881057269 0.6860869565217391 0.5462555066079295 0.6347826086956522 0.5384238864415076 0.6260869565217392 0.5364659813999021 0.6191304347826087 0.5394028389623103 0.6165217391304347
0 0.4257802251590798 0.7722634782608695 0.43582085168869306 0.7545652173913043 0.4495795398923152 0.7578660869565218 0.519860988742046 0.6971278260869566 0.5265545766030347 0.7063704347826087 0.4551576113558492 0.7803130434782609 0.4629667156142927 0.7981382608695653 0.45367009300048944 0.8060608695652174 0.445860988742046 0.7869147826086956 0.44288595203132647 0.7968182608695652 0.4447454723445913 0.8087017391304347 0.4343333333333333 0.8120026086956522 0.4242931962799804 0.7789930434782608
0 0.6200778267254038 0.7210652173913044 0.6133842388644151 0.7558852173913043 0.6271429270680372 0.7671086956521739 0.6308614782183064 0.7803130434782609 0.63941458639256 0.7809730434782609 0.6464796867351934 0.7671086956521739 0.7405604503181595 0.8212460869565217 0.7465100342633382 0.8126626086956522 0.7416759667156142 0.80276 0.6516857562408224 0.7486234782608696 0.6539167890357318 0.7314582608695652 0.6487107195301028 0.7182539130434782 0.644620655898189 0.7400408695652174 0.6438766519823789 0.7162730434782609